UBER (16.43%)
        0         1         2         3
0  1.000000 -0.019866 -0.007639  0.037167
1 -0.019866  1.000000 -0.005358 -0.016088
2 -0.007639 -0.005358  1.000000  0.126089
3  0.037167 -0.016088  0.126089  1.000000

NIPS (77.31%)
        0         1         2         3
0  1.000000  0.065692  0.004645  0.995787
1  0.065692  1.000000  0.001664  0.063623
2  0.004645  0.001664  1.000000  0.004805
3  0.995787  0.063623  0.004805  1.000000

LBNL (89.39%)
        0         1         2         3         4
0  1.000000  0.210835  0.273909 -0.120065  0.222427
1  0.210835  1.000000 -0.057791 -0.463091  0.054802
2  0.273909 -0.057791  1.000000  0.155344  0.211303
3 -0.120065 -0.463091  0.155344  1.000000  0.057895
4  0.222427  0.054802  0.211303  0.057895  1.000000
